11 0.803125 0.640625 0.05625 0.06875 0.343579
11 0.635156 0.367969 0.110937 0.104687 0.347184
11 0.721875 0.395312 0.06875 0.071875 0.455929
11 0.573438 0.358594 0.196875 0.123438 0.606034
11 0.615625 0.772656 0.071875 0.0921875 0.640648
11 0.928125 0.121094 0.0875 0.120312 0.644687
11 0.88125 0.483594 0.134375 0.114063 0.658505
11 0.76875 0.830469 0.115625 0.0984375 0.668813
11 0.363281 0.277344 0.0796875 0.0828125 0.686358
11 0.0414063 0.620313 0.0828125 0.121875 0.69451
11 0.626562 0.214844 0.0875 0.0953125 0.696101
11 0.20625 0.483594 0.075 0.0890625 0.719408
11 0.669531 0.105469 0.0890625 0.0859375 0.728492
11 0.617188 0.551562 0.11875 0.1 0.743204
11 0.410937 0.64375 0.09375 0.10625 0.750337
11 0.267969 0.742969 0.123438 0.114063 0.771237
