11 0.908594 0.410937 0.132812 0.121875 0.2951
11 0.976562 0.421875 0.046875 0.103125 0.324032
11 0.732031 0.480469 0.0828125 0.0703125 0.333349
11 0.511719 0.396875 0.0734375 0.065625 0.354919
11 0.828125 0.414062 0.171875 0.115625 0.415085
11 0.136719 0.529688 0.110937 0.1 0.445298
11 0.576563 0.384375 0.08125 0.084375 0.490016
11 0.0851562 0.315625 0.160938 0.215625 0.516338
11 0.0390625 0.392969 0.078125 0.107813 0.573815
11 0.428125 0.374219 0.071875 0.104687 0.584888
11 0.70625 0.388281 0.084375 0.0984375 0.620924
11 0.421094 0.532031 0.0890625 0.0921875 0.677081
11 0.826563 0.665625 0.134375 0.1125 0.683997
11 0.58125 0.521875 0.13125 0.125 0.732736
11 0.346094 0.647656 0.107813 0.142188 0.752419
11 0.872656 0.80625 0.148438 0.1375 0.762886
