11 0.1625 0.35 0.075 0.15625 0.394738
11 0.783594 0.596094 0.114063 0.220313 0.441698
11 0.807813 0.733594 0.09375 0.223438 0.537469
11 0.259375 0.278906 0.090625 0.145313 0.541317
11 0.239063 0.417969 0.140625 0.226562 0.605453
11 0.696875 0.364062 0.09375 0.203125 0.60573
11 0.773438 0.4375 0.09375 0.19375 0.60648
11 0.694531 0.230469 0.107813 0.151562 0.653474
11 0.572656 0.453125 0.0890625 0.21875 0.685924
11 0.9 0.425 0.10625 0.1625 0.729834
11 0.927344 0.1875 0.126563 0.203125 0.745232
11 0.350781 0.474219 0.173438 0.220313 0.772695
