11 0.782031 0.361719 0.0453125 0.0890625 0.270776
11 0.640625 0.235156 0.04375 0.0734375 0.29274
11 0.469531 0.314063 0.0453125 0.103125 0.292839
11 0.65625 0.266406 0.05625 0.120312 0.379226
11 0.639844 0.360156 0.0765625 0.117188 0.407491
11 0.422656 0.244531 0.0609375 0.0765625 0.431834
11 0.539844 0.302344 0.0359375 0.0734375 0.431938
11 0.471094 0.346094 0.0484375 0.0765625 0.433622
11 0.194531 0.322656 0.0734375 0.0671875 0.445422
11 0.433594 0.382812 0.0578125 0.065625 0.487979
11 0.602344 0.265625 0.0515625 0.115625 0.525918
11 0.773438 0.410156 0.05625 0.0671875 0.5272
11 0.414844 0.303125 0.0609375 0.08125 0.529079
11 0.950781 0.330469 0.0515625 0.0953125 0.533559
11 0.865625 0.328906 0.103125 0.0984375 0.540429
11 0.947656 0.436719 0.0734375 0.120312 0.576455
11 0.492188 0.235938 0.05625 0.075 0.578266
11 0.488281 0.155469 0.0796875 0.0953125 0.593889
11 0.742969 0.328906 0.0671875 0.101562 0.598969
11 0.178125 0.619531 0.059375 0.101562 0.60535
11 0.629687 0.342187 0.046875 0.090625 0.605886
11 0.346875 0.222656 0.046875 0.0953125 0.613661
11 0.679688 0.391406 0.06875 0.0953125 0.647493
11 0.188281 0.734375 0.0859375 0.10625 0.697579
11 0.247656 0.240625 0.0640625 0.08125 0.702505
11 0.0578125 0.242188 0.084375 0.115625 0.792423
11 0.314063 0.407031 0.090625 0.107813 0.795187
