11 0.507031 0.394531 0.0515625 0.0671875 0.294333
11 0.654688 0.482031 0.065625 0.0734375 0.301005
11 0.784375 0.414844 0.11875 0.117188 0.331931
11 0.189844 0.392188 0.0609375 0.096875 0.371607
11 0.726562 0.413281 0.1375 0.104687 0.396755
11 0.451562 0.376563 0.05625 0.1 0.487513
11 0.223438 0.342187 0.096875 0.14375 0.505092
11 0.552344 0.382031 0.0640625 0.0921875 0.541561
11 0.830469 0.428906 0.0703125 0.110937 0.541748
11 0.257031 0.530469 0.0765625 0.0921875 0.54176
11 0.638281 0.389062 0.0640625 0.096875 0.558862
11 0.448438 0.533594 0.065625 0.0890625 0.631335
11 0.119531 0.365625 0.0703125 0.121875 0.64918
11 0.916406 0.767187 0.101562 0.121875 0.680927
11 0.397656 0.646094 0.0890625 0.135937 0.68565
11 0.0710938 0.561719 0.0828125 0.132812 0.704257
11 0.71875 0.671875 0.109375 0.115625 0.717685
11 0.924219 0.528906 0.107813 0.126563 0.721262
11 0.747656 0.80625 0.110937 0.13125 0.733199
11 0.554688 0.520312 0.1 0.121875 0.743145
