11 0.926562 0.636719 0.103125 0.117188 0.295081
11 0.58125 0.542969 0.084375 0.142188 0.361973
11 0.445312 0.510156 0.1 0.0953125 0.504986
11 0.600781 0.580469 0.0796875 0.123438 0.509546
11 0.394531 0.409375 0.0921875 0.125 0.515274
11 0.372656 0.459375 0.0640625 0.1 0.555926
11 0.454688 0.576563 0.090625 0.084375 0.557851
11 0.934375 0.423438 0.125 0.18125 0.578203
11 0.250781 0.578906 0.0828125 0.107813 0.589854
11 0.689844 0.3 0.110937 0.14375 0.601073
11 0.160938 0.601562 0.075 0.096875 0.656064
11 0.28125 0.492188 0.103125 0.11875 0.683825
11 0.723437 0.575781 0.11875 0.110937 0.694541
