7 0.046875 0.629687 0.09375 0.15625 0.319528
7 0.582031 0.360156 0.239063 0.139062 0.331132
7 0.632812 0.213281 0.096875 0.107813 0.358422
7 0.372656 0.271094 0.104687 0.0859375 0.362082
7 0.207031 0.483594 0.0859375 0.0953125 0.386442
7 0.6125 0.774219 0.096875 0.0921875 0.40708
7 0.88125 0.488281 0.140625 0.129688 0.414267
7 0.621875 0.546875 0.1375 0.103125 0.41757
7 0.669531 0.101562 0.107813 0.0875 0.437311
7 0.933594 0.124219 0.0859375 0.120312 0.44098
7 0.269531 0.732813 0.151562 0.1 0.495721
7 0.4125 0.642969 0.11875 0.0921875 0.521242
7 0.771875 0.823438 0.146875 0.109375 0.529636
