10 0.401563 0.65 0.090625 0.14375 0.256217
7 0.717969 0.670313 0.120312 0.103125 0.256982
7 0.557813 0.520312 0.1125 0.121875 0.265648
10 0.724219 0.672656 0.117188 0.120312 0.26694
10 0.920313 0.767969 0.1125 0.132812 0.271592
10 0.725 0.410937 0.06875 0.09375 0.272468
10 0.0742188 0.569531 0.0828125 0.145313 0.276913
10 0.774219 0.407031 0.0671875 0.0984375 0.284059
7 0.910937 0.764844 0.11875 0.107813 0.320058
7 0.0773437 0.561719 0.0859375 0.126563 0.346946
10 0.560156 0.525 0.107813 0.11875 0.351027
7 0.750781 0.802344 0.139062 0.135937 0.381903
10 0.926562 0.532031 0.115625 0.151562 0.418755
10 0.644531 0.395312 0.0578125 0.109375 0.433259
10 0.452344 0.375781 0.0546875 0.0984375 0.434835
10 0.551562 0.385938 0.06875 0.096875 0.441224
10 0.83125 0.427344 0.06875 0.114063 0.568765
